obslogM <-c(
14.992,
14.907,
14.725,
14.751,
14.801,
14.959,
14.916,
15.028,
14.868,
14.730,
14.772,
14.754,
14.907,
14.820,
14.701,
14.729,
14.919,
14.795,
14.807,
14.836,
14.593,
14.845,
14.892,
15.144,
14.935,
14.877,
14.624,
14.654,
14.913,
14.572,
14.751,
14.601,
15.102,
15.065,
14.699,
14.589,
14.692,
14.700,
14.561,
14.864,
14.868,
15.032,
14.680,
14.775,
14.919,
14.737,
14.724,
14.679,
14.786,
14.565,
14.633,
14.564,
14.939,
14.875,
14.379,
14.432,
14.499,
14.615,
14.858,
14.711,
14.928,
14.853,
14.801,
14.674,
14.864,
15.196,
14.837,
14.730,
14.873,
14.726,
14.669)
errlogM <-c(
0.010,
0.012,
0.009,
0.011,
0.034,
0.006,
0.010,
0.011,
0.010,
0.008,
0.013,
0.029,
0.022,
0.009,
0.008,
0.007,
0.011,
0.004,
0.015,
0.020,
0.012,
0.012,
0.039,
0.009,
0.015,
0.018,
0.005,
0.010,
0.006,
0.007,
0.007,
0.009,
0.009,
0.009,
0.013,
0.010,
0.012,
0.008,
0.007,
0.008,
0.010,
0.012,
0.025,
0.026,
0.036,
0.027,
0.025,
0.023,
0.028,
0.019,
0.023,
0.022,
0.030,
0.029,
0.011,
0.020,
0.025,
0.024,
0.008,
0.007,
0.004,
0.010,
0.021,
0.023,
0.021,
0.023,
0.013,
0.016,
0.011,
0.017,
0.021)
obslogYSZ <-c(
-3.775,
-3.947,
-4.183,
-4.299,
-3.989,
-3.720,
-4.035,
-3.762,
-3.903,
-4.131,
-3.871,
-4.185,
-3.936,
-4.077,
-4.223,
-4.197,
-4.036,
-4.155,
-4.029,
-4.028,
-4.395,
-4.075,
-3.879,
-3.548,
-3.818,
-4.001,
-4.469,
-4.324,
-3.860,
-4.507,
-4.172,
-4.433,
-3.636,
-3.658,
-4.292,
-4.358,
-4.480,
-4.301,
-4.429,
-4.045,
-3.963,
-3.709,
-4.410,
-4.333,
-4.035,
-4.320,
-4.356,
-4.423,
-4.144,
-4.706,
-4.475,
-4.588,
-4.080,
-4.081,
-4.989,
-4.763,
-4.705,
-4.576,
-3.951,
-4.208,
-3.862,
-4.053,
-4.255,
-4.243,
-3.888,
-3.441,
-4.019,
-4.073,
-3.983,
-4.241,
-4.158)
errlogYSZ <-c(
0.035,
0.030,
0.042,
0.043,
0.038,
0.037,
0.034,
0.027,
0.030,
0.025,
0.040,
0.052,
0.032,
0.045,
0.050,
0.065,
0.051,
0.040,
0.046,
0.047,
0.057,
0.051,
0.025,
0.020,
0.040,
0.035,
0.046,
0.037,
0.030,
0.040,
0.026,
0.037,
0.026,
0.019,
0.019,
0.046,
0.061,
0.046,
0.054,
0.030,
0.024,
0.044,
0.037,
0.027,
0.022,
0.031,
0.027,
0.035,
0.013,
0.043,
0.025,
0.037,
0.015,
0.012,
0.052,
0.051,
0.049,
0.035,
0.036,
0.067,
0.039,
0.054,
0.064,
0.061,
0.041,
0.023,
0.043,
0.059,
0.036,
0.041,
0.054)
Ez <-c(
1.170,
1.076,
1.083,
1.055,
1.118,
1.268,
1.087,
1.123,
1.120,
1.087,
1.161,
1.167,
1.093,
1.114,
1.107,
1.163,
1.106,
1.071,
1.147,
1.155,
1.077,
1.155,
1.163,
1.164,
1.171,
1.149,
1.041,
1.041,
1.094,
1.045,
1.047,
1.047,
1.198,
1.121,
1.039,
1.069,
1.070,
1.074,
1.075,
1.076,
1.083,
1.264,
1.034,
1.029,
1.037,
1.037,
1.026,
1.022,
1.027,
1.036,
1.028,
1.022,
1.025,
1.028,
1.022,
1.026,
1.026,
1.021,
1.107,
1.132,
1.136,
1.152,
1.166,
1.170,
1.262,
1.227,
1.227,
1.172,
1.213,
1.110,
1.199)
