obsv<-c(10606.4,
 9006.82, 
 9627.55, 
 10494.1, 
 10543.1, 
 10161.4, 
 11612.9, 
 7962.81, 
 10628, 
 9944.97, 
 9275.39, 
 10373.3, 
 12598.7, 
 11159.2, 
 9545.64, 
 9960.7 ,
 10476.2, 
 9554.96, 
 10617.9, 
 11450,
 11896.5, 
 9200.28, 
 11516.7, 
 8208.39, 
 8101.54) 
precv<-c(0.000155698,
 8.74592e-05, 
 6.82345e-05, 
 3.55324e-05, 
 8.56309e-05, 
 0.000154906, 
 0.000103061, 
 3.91739e-05, 
 7.53817e-05, 
 0.000117028, 
 3.11404e-05, 
 1.61697e-05, 
 9.17201e-05, 
 4.04324e-05, 
 0.000107971, 
 4.65826e-05, 
 0.000104243, 
 7.24752e-05, 
 0.000155343, 
 7.34898e-05, 
 6.02441e-05, 
 0.000154653, 
 3.39828e-05, 
 0.000101695, 
 9.69233e-05) 
