C <-c(1,1)
obstot <-c(31,60) 
obsbkg <-c(1,30)
