obsn <- 0
n <- 2127
