`n` <- 
2127
`obsn` <- 
0
