obsx<-c(
2.01284, 
1.87506, 
2.20412, 
2.32015, 
2.31175, 
2.17898, 
2.24304, 
2.14613, 
2.36173, 
2.31175, 
2.16137, 
2.31387, 
2.15534, 
2.26007, 
2.11394, 
2.49831, 
2.38382, 
2.35218, 
2.26951, 
2.27875, 
2.57403, 
2.20952, 
2.18184, 
2.58546, 
2.24797, 
1.95424, 
2.36922, 
2.4624, 
2.42488, 
1.82607, 
2.53148)
errx <-c( 
0.0791813, 
0.0211868, 
0.0211945, 
0.0211945, 
0.0211945, 
0.0211945, 
0.0211945, 
0.0211945, 
0.0211945, 
0.0211945, 
0.0211945, 
0.0211945, 
0.0211945, 
0.0211945, 
0.0211945, 
0.0211792, 
0.0211945, 
0.0211945, 
0.0211945, 
0.0211945, 
0.0211792, 
0.0211945, 
0.0211945, 
0.0211792, 
0.0211945, 
0.0211868, 
0.0211945, 
0.0211792, 
0.0211792, 
0.0211868, 
0.0211792) 
obsy <-c(
6.26717, 
6.39794, 
7.72016, 
7.65321, 
7.64345, 
7.30103, 
7.13033, 
7.60746, 
9.07918, 
8.32222, 
8.14613, 
8.02119, 
7.19033, 
8.32222, 
7.59106, 
8.71181, 
8.37107, 
8.52504, 
7.8451, 
7.95665, 
9.47712, 
7.72835, 
7.91645, 
9.27875, 
8.24304, 
7.13033, 
8.27875, 
8.72016, 
8.57978, 
6.52504, 
9.40654) 
erry <-c(
0.0831657, 
0.0880456, 
0.314194, 
0.161466, 
0.0495657, 
0.238561, 
0.321726, 
0.048455, 
0.349485, 
0.105427, 
0.162256, 
0.252575, 
0.0421605, 
0.174227, 
0.0111382, 
0.0898039, 
0.343987, 
0.185534, 
0.0816016, 
0.342365, 
0.150515, 
0.0448054, 
0.212984, 
0.117042, 
0.0373168, 
0.150515, 
0.223579, 
0.150515, 
0.223579, 
0.170269, 
0.077451) 
