E <-c(
2, 
6, 
10, 
14, 
18, 
22, 
26, 
30, 
34, 
38, 
42, 
46, 
50, 
54, 
58, 
62, 
66, 
70, 
74, 
78, 
82, 
86, 
90, 
94, 
98)
nrec <-c(
23, 
71, 
115, 
159, 
200, 
221, 
291, 
244, 
277, 
221, 
210, 
182, 
136, 
119, 
79, 
81, 
61, 
44, 
41, 
32, 
32, 
31, 
22, 
18, 
11)
ninj <-c(
96, 
239, 
295, 
327, 
345, 
316, 
349, 
281, 
298, 
235, 
217, 
185, 
140, 
121, 
79, 
81, 
61, 
45, 
41, 
32, 
32, 
31, 
22, 
18, 
11)
