obsm <- -4.0

