C <- 0.0333333
obstot <- 60 
obsbkg <- 1
