`C` <- 
0.0333333
`obsbkg` <- 
1
`obstot` <- 
60
