`obsn` <- 
c(8,4,3,5)
