`obsy` <- 
c(0.10252,0.104427,0.0948906,0.0998974,0.0965595,0.0946522,0.0948906,0.0903606,0.102758,0.0970364,0.102282,0.0958443,0.0948906,0.0891685,0.087738,0.100136,0.100613,0.104904,0.0891685,0.0896454,0.0958443,0.0884533,0.0960827,0.0908375,0.108957,0.0994205,0.0967979,0.104666,0.0994205,0.102758,0.104427,0.0886917,0.101328,0.0936985,0.0910759,0.0958443)
`prec.obsy` <- 
c(1.47519e+06,1.08683e+07,361444,2.74717e+06,961169,5.49316e+06,9.18274e+06,4.05387e+06,9.56531e+06,7.43802e+06,3.79491e+06,986799,530210,3.08642e+07,9.3711e+06,3.22708e+06,1.24567e+07,1.38408e+06,4.07424e+07,626562,3.18878e+06,1.49938e+06,4.65814e+06,7.78547e+07,1.89378e+06,7.3046e+06,3.9472e+06,5.66893e+06,2.02152e+06,1.78536e+07,9.56531e+06,2.29568e+06,1.18147e+06,889997,9e+06,1.12375e+06)
`x` <- 
c(0.0462,0.0215,0.021,0.0482,0.0477,0.014,0.0127,0.0368,0.0109,0.0406,0.04,0.0356,0.0352,0.0037,0.0375,0.0369,0.0341,0.0285,-0.0052,0.0246,0.0221,0.0203,0.0215,0.02,0.0176,0.0165,0.0156,0.0126,0.0105,0.011,0.01,0.0072,0.0049,-0.0011,-0.0014,-0.0026)
